idle1
0 2208
452 378
376 378
idle2 47

idle2
1274 1833
454 375
377 375
idle1 60

hit
0 1499
444 333
368 333
idle1 -1

block
1061 2208
159 476
62 476
idle1 -1

run1
978 248
471 283
370 283
run2 5

run2
486 0
478 248
377 248
run3 3

run3
964 0
486 248
381 248
run4 5

run4
0 248
478 254
373 267
run1 6

walkb1
1388 1499
466 334
372 334
walkb2 6
 
walkb2
977 838
458 329
360 329
walkb3 6

walkb3
0 1167
451 330
358 330
walkb4 6

walkb4
0 1833
439 334
352 334
walkb5 6

walkb5
451 1167
451 330
358 330
walkb6 6

walkb6
930 1499
458 333
362 333
walkb1 6

jumpstart
0 0
486 195
400 195
jumprising -1

jumprising
913 1833
361 366
288 366
jumphang -1

jumphang
889 531
478 297
377 347
jumpfall -1

jumpfall
452 2208
430 454
345 454
idle1 -1

jumphit
0 531
416 284
318 330
idle1 -1

jumpblock
882 2208
179 457
47 446
idle1 -1

5A
902 1167
481 331
386 331
5Aa 4

5Aa
444 1499
486 333
323 333
5Ar 3

5Ar
902 1167
481 331
386 331
idle1 5

5B
439 1833
474 348
333 348
5Ba 10

5Ba 
0 838
489 316
85 316
5Br 4

5Br
1367 531
478 307
46 307
idle1 16

j.A
416 531
473 288
377 331
j.Aa 5

j.Aa
478 248
500 280
378 332
j.Ar 3

j.Ar 
416 531
473 288
377 331
jumphang 7

j.B
1383 1167
474 332
333 421
j.Ba 12

j.Ba
1220 2208
555 635
187 475
j.Br 6

j.Br
489 838
488 327
355 370
jumphang 8
